1.000000000000000000e+00 1.000000000000000000e+00 5.000000000000000000e-01
-5.747167545291125008e-14 -1.269090625143150807e-15 -3.489999219143663930e-15
0.000000000000000000e+00 0.000000000000000000e+00 0.000000000000000000e+00
-6.738290804063962043e-15 4.278275201780457337e-15 1.772007641646716577e-15
-2.437549462768061836e+00 1.349228086770341228e+00 1.040238689158191177e+00
2.745766599704870803e+00 -1.552940042732545489e+00 -1.106713699821280539e+00
-1.107160184226190447e+00 6.254794174963079767e-01 4.330123788759667192e-01
1.583903937508526205e-01 -8.887273406406230591e-02 -6.101575923461843159e-02
-0.000000000000000000e+00 1.500000000000000000e+00 1.000000000000000000e+00
-1.586258146127365709e+00 6.862788226368065070e-01 9.115863812554271250e-01
3.042766423928501274e-01 -4.193407654301184451e-01 1.137541903714213293e-01
1.038574967098864876e+00 -7.014064679071886355e-01 -3.996978304446372476e-01
-3.499751254603457040e-01 1.983008901564517201e-01 8.254881876801838103e-02
-4.008685417832341669e-01 2.438850866871025702e-01 1.532680259527103017e-01
2.507545727421674475e-01 -1.364455592642541126e-01 -9.008878850067364441e-02
-3.954753985211701545e-02 2.011626733222550770e-02 1.411329641604273932e-02
-8.000000000000000444e-01 1.000000000000000000e+00 2.000000000000000000e+00
-1.385190042029036672e-01 -1.096475473166956371e+00 5.659853537998797979e-01
-4.395032410721207428e-01 3.706328174266031172e-02 1.214546330147155129e-02
-3.759427953615538942e-01 4.229167722396495188e-01 3.391425341561350032e-02
4.069000458884159399e-01 -1.641001233167992956e-01 -1.344445203870955896e-01
9.787286029136836596e-02 -8.319004932111657979e-02 -2.968488592272098062e-02
-1.298275765932112857e-01 5.714150801051652573e-02 4.572923467624247923e-02
2.467358196825962177e-02 -8.747248055687618581e-03 -8.758990912563699438e-03
-1.500000000000000000e+00 -0.000000000000000000e+00 2.500000000000000000e+00
-2.442041749639532744e-01 -5.103192772295886970e-01 -1.358586517965883200e-01
7.405365354868554961e-01 -5.052129458697710712e-02 -5.964251869023383668e-01
1.289069858115618750e-01 -1.943087516693636219e-01 -2.096508382275624055e-02
-3.539904378810447283e-01 7.592784676598485216e-02 1.596705705789982777e-01
-2.808046676733978730e-02 4.943446181243114912e-02 1.218760662706597393e-02
9.799925298472446367e-02 -2.362738053686617642e-02 -3.514808311565391363e-02
-2.024601367383954686e-02 2.592589861456409423e-03 6.787952899027662954e-03
-1.000000000000000000e+00 -1.000000000000000000e+00 1.500000000000000000e+00
2.086575768737221059e-01 -5.669354822671677230e-01 -6.627983877666969725e-01
-1.927569126755240281e-01 3.877611953620848095e-01 2.895251646470602402e-01
4.007628848956042988e-01 2.380600495445872877e-01 4.152428275004309277e-02
3.513204843760610596e-01 -4.448810537547657346e-02 -1.333432486736838563e-01
-1.027113359937381343e-01 -4.071209206554909227e-02 1.658563306523774816e-02
-1.145838905905907784e-01 3.594813008426121434e-03 3.612542232413654131e-02
3.450141468034038233e-02 1.854925051504428650e-03 -1.009134604503332880e-02
2.499999999999999722e-01 -7.500000000000000000e-01 9.999999999999998890e-01
2.019945217410468175e+00 8.509768759977588415e-01 -1.363918764987917531e-01
2.141912318077078270e-01 1.970298100258085772e-01 2.707036224957363180e-01
-1.239288888725114335e+00 -3.561303179050283596e-01 2.354491966607803466e-01
-4.742455025851767259e-01 -5.543570625604480467e-02 8.942257780963744351e-02
3.143791429971065643e-01 6.185998445835771964e-02 -8.396048686299523167e-02
2.161171634189997803e-01 2.137453813925825619e-02 -6.060159030383117928e-02
-9.091243820937212894e-02 -1.065283271458643787e-02 2.713197648540567608e-02
1.000000000000000000e+00 -0.000000000000000000e+00 1.500000000000000000e+00
-1.456121451545482781e+00 1.617284635763401313e-01 9.403403568327393103e-01
-1.092664218371351526e+00 -4.055120346714949919e-01 2.751956740772164289e-02
1.812214777221492934e+00 2.187664033444228218e-01 -6.584004208090762367e-01
6.960509708244903004e-01 1.469444327568405484e-01 -1.216473266443187512e-01
-7.901984863952954408e-01 -9.535735435433984053e-02 2.731053528059149138e-01
-5.301128192281224782e-01 -6.606633715044470112e-02 1.621038473752034192e-01
3.615000772353805791e-01 3.954569702630613554e-02 -1.232883818562613837e-01
